0001     16.0234
0002     16.0398
0003     16.0172
0004     16.0285
0005     16.0352
0006     16.0200
0007     16.0307
0008     16.0250
0009     16.0258
0010     16.0268
0011     16.0360
0012     16.0225
0013     16.0335
0014     16.0289
0015     16.0306
0016     16.0333
0017     16.0397
0018     16.0180
0019     16.0180
0020     16.0258
0021     16.0256
0022     16.0195
0023     16.0304
0024     16.0298
0025     16.0195
0026     16.0223
0027     16.0233
0028     16.0343
0029     16.0350
0030     16.0249
0031     16.0298
0032     16.0222
0033     16.0330
0034     16.0210
0035     16.0207
0036     16.0255
0037     16.0328
0038     16.0188
0039     16.0155
0040     16.0153
0041     16.0357
0042     16.0342
0043     16.0379
0044     16.0214
0045     16.0199
0046     16.0243
0047     16.0357
0048     16.0228
0049     16.0392
0050     16.0226
0051     16.0237
0052     16.0321
0053     16.0231
0054     16.0176
0055     16.0222
0056     16.0396
0057     16.0176
0058     16.0151
0059     16.0326
0060     16.0336
0061     16.0400
0062     16.0245
0063     16.0215
0064     16.0328
0065     16.0184
0066     16.0308
0067     16.0367
0068     16.0345
0069     16.0263
0070     16.0272
0071     16.0340
0072     16.0360
0073     16.0238
0074     16.0400
0075     16.0213
0076     16.0384
0077     16.0273
0078     16.0173
0079     16.0213
0080     16.0231
0081     16.0250
0082     16.0329
0083     16.0339
0084     16.0208
0085     16.0357
0086     16.0280
0087     16.0367
0088     16.0206
0089     16.0242
0090     16.0237
0091     16.0157
0092     16.0337
0093     16.0297
0094     16.0297
0095     16.0236
0096     16.0368
0097     16.0371
0098     16.0275
0099     16.0169
0100     16.0385
