0001     15.9680
0002     15.9602
0003     15.9662
0004     15.9696
0005     15.9731
0006     15.9757
0007     15.9698
0008     15.9618
0009     15.9843
0010     15.9828
0011     15.9636
0012     15.9626
0013     15.9649
0014     15.9719
0015     15.9796
0016     15.9743
0017     15.9644
0018     15.9620
0019     15.9832
0020     15.9660
0021     15.9785
0022     15.9765
0023     15.9666
0024     15.9625
0025     15.9613
0026     15.9687
0027     15.9670
0028     15.9754
0029     15.9690
0030     15.9616
0031     15.9633
0032     15.9844
0033     15.9810
0034     15.9760
0035     15.9802
0036     15.9608
0037     15.9675
0038     15.9772
0039     15.9663
0040     15.9847
0041     15.9837
0042     15.9615
0043     15.9663
0044     15.9778
0045     15.9771
0046     15.9722
0047     15.9833
0048     15.9811
0049     15.9810
0050     15.9610
0051     15.9621
0052     15.9680
0053     15.9758
0054     15.9663
0055     15.9644
0056     15.9846
0057     15.9622
0058     15.9794
0059     15.9783
0060     15.9790
0061     15.9813
0062     15.9628
0063     15.9656
0064     15.9623
0065     15.9754
0066     15.9775
0067     15.9777
0068     15.9696
0069     15.9652
0070     15.9687
0071     15.9791
0072     15.9689
0073     15.9622
0074     15.9770
0075     15.9624
0076     15.9777
0077     15.9840
0078     15.9718
0079     15.9700
0080     15.9691
0081     15.9807
0082     15.9684
0083     15.9830
0084     15.9707
0085     15.9717
0086     15.9683
0087     15.9774
0088     15.9822
0089     15.9762
0090     15.9740
0091     15.9833
0092     15.9678
0093     15.9602
0094     15.9801
0095     15.9659
0096     15.9798
0097     15.9746
0098     15.9716
0099     15.9712
0100     15.9642
