0001     15.9680     0001     16.0234     0.0554
0009     15.9843     0002     16.0398     0.0555
0002     15.9602     0003     16.0172     0.0570
0003     15.9662     0004     16.0285     0.0623
0010     15.9828     0005     16.0352     0.0524
0004     15.9696     0006     16.0200     0.0504
0005     15.9731     0007     16.0307     0.0576
0007     15.9698     0008     16.0250     0.0552
0006     15.9757     0009     16.0258     0.0501
0008     15.9618     0010     16.0268     0.0650

0020     15.9660     0011     16.0360     0.0700
0011     15.9636     0012     16.0225     0.0589
0012     15.9626     0013     16.0335     0.0709
0013     15.9649     0014     16.0289     0.0640
0014     15.9719     0015     16.0306     0.0587
0015     15.9796     0016     16.0333     0.0537
0019     15.9832     0017     16.0397     0.0565
0017     15.9644     0018     16.0180     0.0536
0018     15.9620     0019     16.0180     0.0560
0016     15.9743     0020     16.0258     0.0515

0030     15.9616     0021     16.0256     0.0640
0023     15.9666     0022     16.0195     0.0529
0021     15.9785     0023     16.0304     0.0519
0022     15.9765     0024     16.0298     0.0533
0024     15.9625     0025     16.0195     0.0570
0025     15.9613     0026     16.0223     0.0610
0026     15.9687     0027     16.0233     0.0546
0027     15.9670     0028     16.0343     0.0673
0028     15.9754     0029     16.0350     0.0596
0029     15.9690     0030     16.0249     0.0559

0031     15.9633     0032     16.0222     0.0589
0033     15.9810     0033     16.0330     0.0520
0037     15.9675     0036     16.0255     0.0580
0035     15.9802     0037     16.0328     0.0526
0039     15.9663     0038     16.0188     0.0525
0036     15.9608     0039     16.0155     0.0547

0034     15.9760     0031     16.0298     0.0538
0041     15.9837     0041     16.0357     0.0520
0044     15.9778     0042     16.0342     0.0564
0045     15.9771     0043     16.0379     0.0608
0042     15.9615     0044     16.0214     0.0599
0043     15.9663     0045     16.0199     0.0536
0046     15.9722     0046     16.0243     0.0521

0047     15.9833     0047     16.0357     0.0524
0049     15.9810     0049     16.0392     0.0582
0050     15.9610     0050     16.0226     0.0616
0051     15.9621     0051     16.0237     0.0616
0053     15.9758     0052     16.0321     0.0563
0052     15.9680     0053     16.0231     0.0551

0054     15.9663     0054     16.0176     0.0513
0055     15.9644     0055     16.0222     0.0578
0056     15.9846     0056     16.0396     0.0550
0057     15.9622     0057     16.0176     0.0554
0059     15.9783     0059     16.0326     0.0543

0062     15.9628     0058     16.0151     0.0523
0058     15.9794     0060     16.0336     0.0542
0060     15.9790     0061     16.0400     0.0610
0063     15.9656     0062     16.0245     0.0589
0064     15.9623     0063     16.0215     0.0592
0061     15.9813     0064     16.0328     0.0515

0068     15.9696     0035     16.0207     0.0511
0070     15.9687     0048     16.0228     0.0541
0069     15.9652     0065     16.0184     0.0532
0066     15.9775     0066     16.0308     0.0533
0048     15.9811     0067     16.0367     0.0556
0067     15.9777     0068     16.0345     0.0568
0065     15.9754     0069     16.0263     0.0509
0038     15.9772     0070     16.0272     0.0500

0073     15.9622     0040     16.0153     0.0531
0071     15.9791     0071     16.0340     0.0549
0032     15.9844     0072     16.0360     0.0516
0078     15.9718     0073     16.0238     0.0520
0076     15.9777     0074     16.0400     0.0623
0072     15.9689     0075     16.0213     0.0524
0077     15.9840     0076     16.0384     0.0544
0074     15.9770     0077     16.0273     0.0503
0075     15.9624     0078     16.0173     0.0549

0079     15.9700     0034     16.0210     0.0510
0080     15.9691     0079     16.0213     0.0522
0082     15.9684     0080     16.0231     0.0547
0084     15.9707     0081     16.0250     0.0543
0081     15.9807     0082     16.0329     0.0522
0083     15.9830     0083     16.0339     0.0509
0086     15.9683     0084     16.0208     0.0525
0040     15.9847     0085     16.0357     0.0510
0085     15.9717     0086     16.0280     0.0563
0087     15.9774     0087     16.0367     0.0593

0092     15.9678     0090     16.0237     0.0559
0093     15.9602     0091     16.0157     0.0555
0091     15.9833     0092     16.0337     0.0504
0089     15.9762     0093     16.0297     0.0535
0090     15.9740     0094     16.0297     0.0557
0095     15.9659     0095     16.0236     0.0577
0094     15.9801     0096     16.0368     0.0567
0096     15.9798     0097     16.0371     0.0573

